  -7.3792567e-09   1.0044483e-06  -5.0291202e-05   1.1103367e-03   1.7374988e-03
  -2.0301871e-08   2.5935862e-06  -1.2101654e-04   2.4834711e-03   2.3982379e-03
  -3.0236816e-08   3.8352322e-06  -1.7806947e-04   3.6508028e-03   4.1509413e-03
  -3.2264849e-08   4.3059194e-06  -2.1127023e-04   4.5903510e-03   5.7663723e-03
  -4.3838830e-08   5.6519448e-06  -2.6968750e-04   5.7467841e-03   7.7149545e-03
  -5.2685382e-08   6.7566874e-06  -3.2071552e-04   6.8135224e-03   9.8233088e-03
  -6.3484789e-08   8.2346344e-06  -3.9265852e-04   8.2870711e-03   9.9899723e-03
  -6.0920296e-08   8.1398464e-06  -4.0237166e-04   8.8543390e-03   1.3155420e-02
  -8.9595201e-08   1.1400308e-05  -5.3208042e-04   1.0993664e-02   1.1441680e-02
  -9.3795002e-08   1.1989018e-05  -5.6373443e-04   1.1770755e-02   1.5193211e-02
  -1.1422099e-07   1.4291155e-05  -6.5460444e-04   1.3317869e-02   1.5423883e-02
  -1.0831641e-07   1.3906797e-05  -6.5814364e-04   1.3875634e-02   1.8690830e-02
  -1.2452501e-07   1.5953794e-05  -7.4853600e-04   1.5528368e-02   1.9089119e-02
  -1.2320728e-07   1.5921050e-05  -7.5999635e-04   1.6170943e-02   2.1232608e-02
  -1.3942507e-07   1.7845476e-05  -8.3941141e-04   1.7553022e-02   2.2832897e-02
  -1.4702735e-07   1.8648156e-05  -8.7315372e-04   1.8309258e-02   2.6031135e-02
  -1.4891813e-07   1.9209729e-05  -9.1578812e-04   1.9501912e-02   2.6352723e-02
  -1.5956805e-07   2.0546376e-05  -9.7593422e-04   2.0674415e-02   2.8394559e-02
  -1.8221857e-07   2.3258197e-05  -1.0888959e-03   2.2594905e-02   2.8101828e-02
  -1.8492998e-07   2.3800979e-05  -1.1228439e-03   2.3434045e-02   3.1461172e-02
  -1.9045122e-07   2.4478671e-05  -1.1580021e-03   2.4380652e-02   3.2227759e-02
  -1.9928651e-07   2.5648104e-05  -1.2151396e-03   2.5580930e-02   3.4219668e-02
  -2.3677504e-07   2.9770952e-05  -1.3684722e-03   2.7833822e-02   3.3138393e-02
  -2.1809686e-07   2.8211217e-05  -1.3429814e-03   2.8344837e-02   3.3607105e-02
  -2.3785368e-07   3.0357480e-05  -1.4234235e-03   2.9632924e-02   3.6807818e-02
  -2.4118287e-07   3.1074590e-05  -1.4694358e-03   3.0785342e-02   3.7554979e-02
  -2.7225263e-07   3.4615002e-05  -1.6089188e-03   3.2982747e-02   3.6788920e-02
  -2.6753103e-07   3.4180365e-05  -1.6048079e-03   3.3405333e-02   4.0525386e-02
  -2.6660845e-07   3.4110592e-05  -1.6077955e-03   3.3751156e-02   4.4500522e-02
  -2.9283757e-07   3.7101045e-05  -1.7250007e-03   3.5592928e-02   4.6161944e-02
  -2.8876756e-07   3.6815394e-05  -1.7255575e-03   3.5942340e-02   5.1394667e-02
  -2.9521054e-07   3.7786903e-05  -1.7797644e-03   3.7312118e-02   4.9117171e-02
  -3.0292391e-07   3.8897098e-05  -1.8364210e-03   3.8502529e-02   5.1555049e-02
  -3.0937062e-07   3.9751725e-05  -1.8819579e-03   3.9674812e-02   5.0846167e-02
  -3.1832127e-07   4.0887670e-05  -1.9316691e-03   4.0519013e-02   5.6889917e-02
  -3.2365304e-07   4.1895461e-05  -1.9933326e-03   4.1986099e-02   5.6883484e-02
  -3.3907313e-07   4.3616452e-05  -2.0628040e-03   4.3282722e-02   5.7320159e-02
  -3.3898833e-07   4.3940126e-05  -2.0949419e-03   4.4289519e-02   5.8414697e-02
  -3.4691001e-07   4.4801022e-05  -2.1335756e-03   4.5261430e-02   5.8438816e-02
  -3.6029365e-07   4.6478429e-05  -2.2052344e-03   4.6455481e-02   6.2599286e-02
  -3.5158272e-07   4.5741416e-05  -2.1931440e-03   4.6743076e-02   6.7539169e-02
  -3.9370715e-07   5.0186381e-05  -2.3507272e-03   4.8927901e-02   6.7892734e-02
  -4.1620350e-07   5.2987544e-05  -2.4730370e-03   5.1149011e-02   6.4389494e-02
  -3.7723864e-07   4.8804386e-05  -2.3312115e-03   4.9697272e-02   7.3142348e-02
  -4.1874080e-07   5.3691452e-05  -2.5295595e-03   5.2908748e-02   6.7234958e-02
  -4.2762078e-07   5.4667137e-05  -2.5665768e-03   5.3452310e-02   7.6345733e-02
  -4.6147163e-07   5.8719883e-05  -2.7384225e-03   5.6515794e-02   6.7549903e-02
  -4.4104015e-07   5.6568818e-05  -2.6684336e-03   5.5930483e-02   7.5286920e-02
  -4.1746538e-07   5.4122330e-05  -2.5881158e-03   5.5106544e-02   8.5925862e-02
  -4.5370521e-07   5.8568478e-05  -2.7818248e-03   5.8706610e-02   7.1923189e-02
