  -4.9041368e-09   6.7107880e-07  -3.5309490e-05   9.1291590e-04   4.6819723e-04
  -9.1494988e-09   1.2659503e-06  -6.7888592e-05   1.7977757e-03   9.1169158e-04
  -1.4327635e-08   1.9620636e-06  -1.0380586e-04   2.7103819e-03   1.4785525e-03
  -2.0513616e-08   2.7825773e-06  -1.4538509e-04   3.7264182e-03   1.5404697e-03
  -2.3544308e-08   3.2460749e-06  -1.7288125e-04   4.5237383e-03   2.6141725e-03
  -3.0180611e-08   4.0776748e-06  -2.1281939e-04   5.4861529e-03   2.7799603e-03
  -3.6767943e-08   4.9124500e-06  -2.5271794e-04   6.4253803e-03   3.4320865e-03
  -4.1960164e-08   5.6364408e-06  -2.9103076e-04   7.4006792e-03   3.5583679e-03
  -4.5192565e-08   6.1000612e-06  -3.1782484e-04   8.1881280e-03   4.4834023e-03
  -5.2231522e-08   6.9913885e-06  -3.6069906e-04   9.1978292e-03   4.7267033e-03
  -5.1901653e-08   7.1286567e-06  -3.7836461e-04   9.9102570e-03   5.5366202e-03
  -5.8791926e-08   8.0383674e-06  -4.2339653e-04   1.0965133e-02   5.6560414e-03
  -6.4742359e-08   8.7620150e-06  -4.5807664e-04   1.1835961e-02   6.3355235e-03
  -7.1336428e-08   9.6017737e-06  -4.9853659e-04   1.2789626e-02   6.9327100e-03
  -7.5565419e-08   1.0219226e-05  -5.3278820e-04   1.3702917e-02   7.4606270e-03
  -8.0758766e-08   1.0964140e-05  -5.7326336e-04   1.4739657e-02   7.1030014e-03
  -8.2246317e-08   1.1226084e-05  -5.9191760e-04   1.5390772e-02   8.7926358e-03
  -8.8254199e-08   1.2074111e-05  -6.3682552e-04   1.6496967e-02   8.2681467e-03
  -9.7008708e-08   1.3070406e-05  -6.7842281e-04   1.7382419e-02   9.3345996e-03
  -9.8619656e-08   1.3432195e-05  -7.0612856e-04   1.8284153e-02   9.3100191e-03
  -1.0842635e-07   1.4611174e-05  -7.5832181e-04   1.9387815e-02   9.4452214e-03
  -1.1053706e-07   1.4959240e-05  -7.8115266e-04   2.0120686e-02   1.0591247e-02
  -1.1658934e-07   1.5811222e-05  -8.2529007e-04   2.1185344e-02   1.0318635e-02
  -1.2175019e-07   1.6423962e-05  -8.5430831e-04   2.1931998e-02   1.1903412e-02
  -1.2274666e-07   1.6735456e-05  -8.7997867e-04   2.2788206e-02   1.2132076e-02
  -1.3105309e-07   1.7673374e-05  -9.2004311e-04   2.3682101e-02   1.2916106e-02
  -1.3741397e-07   1.8553700e-05  -9.6483497e-04   2.4736728e-02   1.3039561e-02
  -1.4160814e-07   1.9191041e-05  -1.0016964e-03   2.5748244e-02   1.2609699e-02
  -1.4473052e-07   1.9676454e-05  -1.0306139e-03   2.6586767e-02   1.2950545e-02
  -1.4708481e-07   1.9997041e-05  -1.0508066e-03   2.7261838e-02   1.4730732e-02
  -1.5224178e-07   2.0804388e-05  -1.0951831e-03   2.8352561e-02   1.4191297e-02
  -1.6071699e-07   2.1816153e-05  -1.1415504e-03   2.9407339e-02   1.4393389e-02
  -1.6530479e-07   2.2486692e-05  -1.1780429e-03   3.0350720e-02   1.4743037e-02
  -1.7257950e-07   2.3396331e-05  -1.2212270e-03   3.1364179e-02   1.4630708e-02
  -1.7500696e-07   2.3737149e-05  -1.2416433e-03   3.2018590e-02   1.6488585e-02
  -1.8177188e-07   2.4654153e-05  -1.2868402e-03   3.3049867e-02   1.6864980e-02
  -1.8444832e-07   2.5090110e-05  -1.3145632e-03   3.3883674e-02   1.7539752e-02
  -1.8330057e-07   2.4959355e-05  -1.3148453e-03   3.4262729e-02   1.9357617e-02
  -1.9200966e-07   2.6157244e-05  -1.3734494e-03   3.5520632e-02   1.9305033e-02
  -2.0008042e-07   2.7162705e-05  -1.4212990e-03   3.6638501e-02   1.8473596e-02
  -2.0251576e-07   2.7552789e-05  -1.4465203e-03   3.7423934e-02   1.9671898e-02
  -2.1131786e-07   2.8658650e-05  -1.4969000e-03   3.8503287e-02   1.9762943e-02
  -2.0756188e-07   2.8485257e-05  -1.5069643e-03   3.9194981e-02   2.0258761e-02
  -2.1009867e-07   2.8772701e-05  -1.5230593e-03   3.9769775e-02   2.2134431e-02
  -2.2416370e-07   3.0509770e-05  -1.5996597e-03   4.1249259e-02   2.0945605e-02
  -2.3478428e-07   3.1777578e-05  -1.6547544e-03   4.2388383e-02   2.0805272e-02
  -2.3392149e-07   3.1761397e-05  -1.6639545e-03   4.2971785e-02   2.2030341e-02
  -2.4085619e-07   3.2616381e-05  -1.7037295e-03   4.3893877e-02   2.2764242e-02
  -2.4282783e-07   3.2993575e-05  -1.7293623e-03   4.4702794e-02   2.3364882e-02
  -2.4713089e-07   3.3559213e-05  -1.7594739e-03   4.5517484e-02   2.4418418e-02
