  -9.2880458e-09   1.1913708e-06  -5.6658268e-05   1.1911801e-03   1.5343099e-03
  -1.7559747e-08   2.2766365e-06  -1.0952540e-04   2.3308984e-03   3.2251683e-03
  -2.7278784e-08   3.5081274e-06  -1.6732716e-04   3.5347486e-03   4.6742078e-03
  -3.9668900e-08   5.0631117e-06  -2.3823887e-04   4.9267675e-03   5.5812158e-03
  -4.6186489e-08   5.9389106e-06  -2.8281378e-04   5.9489370e-03   7.6330700e-03
  -5.7227503e-08   7.3336570e-06  -3.4719688e-04   7.2455944e-03   8.8687083e-03
  -6.7194493e-08   8.6014427e-06  -4.0663886e-04   8.4714153e-03   1.0284891e-02
  -7.5780351e-08   9.7117522e-06  -4.6010724e-04   9.6151576e-03   1.1975606e-02
  -8.4695434e-08   1.0879808e-05  -5.1708190e-04   1.0841038e-02   1.3201609e-02
  -9.5555755e-08   1.2242824e-05  -5.7940476e-04   1.2084968e-02   1.4759250e-02
  -1.0050266e-07   1.2972727e-05  -6.1988003e-04   1.3069904e-02   1.6932532e-02
  -1.1060110e-07   1.4259520e-05  -6.8040116e-04   1.4319829e-02   1.8331338e-02
  -1.1981135e-07   1.5423463e-05  -7.3539264e-04   1.5484157e-02   1.9742841e-02
  -1.2789264e-07   1.6502959e-05  -7.8804191e-04   1.6607089e-02   2.1745619e-02
  -1.3829713e-07   1.7829133e-05  -8.5029448e-04   1.7888322e-02   2.2837849e-02
  -1.4980856e-07   1.9227770e-05  -9.1308672e-04   1.9141963e-02   2.4101320e-02
  -1.5866651e-07   2.0389659e-05  -9.6979799e-04   2.0355182e-02   2.5570979e-02
  -1.6703207e-07   2.1527639e-05  -1.0264806e-03   2.1575999e-02   2.6965584e-02
  -1.7658559e-07   2.2735281e-05  -1.0834081e-03   2.2782566e-02   2.8086268e-02
  -1.8323710e-07   2.3578385e-05  -1.1243961e-03   2.3705323e-02   3.0867798e-02
  -1.9797158e-07   2.5423466e-05  -1.2069143e-03   2.5263005e-02   3.1126083e-02
  -2.0217527e-07   2.6093257e-05  -1.2470183e-03   2.6298571e-02   3.2674712e-02
  -2.1731369e-07   2.7888093e-05  -1.3228133e-03   2.7670243e-02   3.4174595e-02
  -2.2316851e-07   2.8692780e-05  -1.3659802e-03   2.8723058e-02   3.5639490e-02
  -2.3601831e-07   3.0340727e-05  -1.4413433e-03   3.0161356e-02   3.6907518e-02
  -2.4494062e-07   3.1441163e-05  -1.4926203e-03   3.1257328e-02   3.8532647e-02
  -2.5291631e-07   3.2522101e-05  -1.5469105e-03   3.2444221e-02   4.0087364e-02
  -2.5844466e-07   3.3281710e-05  -1.5863835e-03   3.3364195e-02   4.2943840e-02
  -2.7189591e-07   3.4924651e-05  -1.6588650e-03   3.4749069e-02   4.3839896e-02
  -2.8229351e-07   3.6230004e-05  -1.7199734e-03   3.6021604e-02   4.4946651e-02
  -2.8851186e-07   3.7203489e-05  -1.7742351e-03   3.7271510e-02   4.6003784e-02
  -2.9677734e-07   3.8213888e-05  -1.8204117e-03   3.8253792e-02   4.8337622e-02
  -3.1144987e-07   3.9969393e-05  -1.8957709e-03   3.9629809e-02   5.0030898e-02
  -3.1880411e-07   4.0945667e-05  -1.9454428e-03   4.0786745e-02   5.0598721e-02
  -3.2320632e-07   4.1601699e-05  -1.9818625e-03   4.1673510e-02   5.3670709e-02
  -3.3506594e-07   4.3046003e-05  -2.0461517e-03   4.2925405e-02   5.5398111e-02
  -3.4575534e-07   4.4427584e-05  -2.1122806e-03   4.4306515e-02   5.5999266e-02
  -3.4957315e-07   4.5052173e-05  -2.1491992e-03   4.5241139e-02   5.8405987e-02
  -3.6480345e-07   4.6852526e-05  -2.2262524e-03   4.6683932e-02   5.8882124e-02
  -3.7328901e-07   4.8012934e-05  -2.2843529e-03   4.7940409e-02   5.9966545e-02
  -3.8007433e-07   4.8844895e-05  -2.3236597e-03   4.8818721e-02   6.2918619e-02
  -3.9118872e-07   5.0237062e-05  -2.3879892e-03   5.0126745e-02   6.3883302e-02
  -3.9797122e-07   5.1287248e-05  -2.4458693e-03   5.1430095e-02   6.4964131e-02
  -4.0515724e-07   5.2217687e-05  -2.4913281e-03   5.2451099e-02   6.6997517e-02
  -4.2161060e-07   5.4173923e-05  -2.5745762e-03   5.3967056e-02   6.7373181e-02
  -4.3612159e-07   5.5969345e-05  -2.6536997e-03   5.5435940e-02   6.8436950e-02
  -4.4322573e-07   5.6955818e-05  -2.7056569e-03   5.6645102e-02   6.9340750e-02
  -4.5002234e-07   5.7862881e-05  -2.7512353e-03   5.7670248e-02   7.1519477e-02
  -4.5569298e-07   5.8690984e-05  -2.7964267e-03   5.8754946e-02   7.2798806e-02
  -4.6758244e-07   6.0139748e-05  -2.8605610e-03   5.9997339e-02   7.4659155e-02
