  -8.8831306e-09   1.1388607e-06  -5.3849388e-05   1.1357144e-03   1.7232354e-03
  -1.7118152e-08   2.2194406e-06  -1.0623502e-04   2.2654106e-03   3.3496910e-03
  -2.7790309e-08   3.5654797e-06  -1.6815331e-04   3.5210967e-03   4.5533294e-03
  -3.6769043e-08   4.7048503e-06  -2.2147073e-04   4.6379677e-03   6.3364727e-03
  -4.6981753e-08   6.0254511e-06  -2.8393513e-04   5.9307238e-03   7.2988689e-03
  -5.5803008e-08   7.1479481e-06  -3.3685414e-04   7.0553050e-03   8.9332016e-03
  -6.5074781e-08   8.3422417e-06  -3.9311975e-04   8.2267579e-03   1.0484287e-02
  -7.2871439e-08   9.3756531e-06  -4.4391652e-04   9.3391299e-03   1.2219573e-02
  -8.2998193e-08   1.0629668e-05  -5.0072239e-04   1.0490710e-02   1.3952451e-02
  -9.2562900e-08   1.1836040e-05  -5.5663139e-04   1.1642457e-02   1.5593367e-02
  -1.0162186e-07   1.3048723e-05  -6.1561000e-04   1.2891226e-02   1.6811508e-02
  -1.1091834e-07   1.4273047e-05  -6.7465891e-04   1.4135678e-02   1.7850368e-02
  -1.2017340e-07   1.5408675e-05  -7.2616382e-04   1.5194122e-02   2.0037093e-02
  -1.2916546e-07   1.6623640e-05  -7.8566038e-04   1.6463622e-02   2.0989980e-02
  -1.3767786e-07   1.7666233e-05  -8.3382935e-04   1.7488629e-02   2.3190822e-02
  -1.4755440e-07   1.8896710e-05  -8.8977203e-04   1.8620466e-02   2.5126722e-02
  -1.5655056e-07   2.0094483e-05  -9.4850282e-04   1.9879042e-02   2.6218288e-02
  -1.6287429e-07   2.0955028e-05  -9.9213026e-04   2.0878142e-02   2.8260538e-02
  -1.7734717e-07   2.2725559e-05  -1.0695892e-03   2.2338611e-02   2.8723006e-02
  -1.8675180e-07   2.3906435e-05  -1.1241391e-03   2.3461397e-02   3.0755515e-02
  -1.9738115e-07   2.5265884e-05  -1.1877066e-03   2.4769005e-02   3.1478798e-02
  -2.0288479e-07   2.6036132e-05  -1.2286683e-03   2.5746052e-02   3.3867856e-02
  -2.1303525e-07   2.7323451e-05  -1.2878559e-03   2.6948979e-02   3.5196186e-02
  -2.2422058e-07   2.8691316e-05  -1.3491403e-03   2.8169522e-02   3.6603836e-02
  -2.3345824e-07   2.9902049e-05  -1.4070459e-03   2.9382193e-02   3.8032838e-02
  -2.3548685e-07   3.0293447e-05  -1.4342978e-03   3.0186553e-02   4.0623635e-02
  -2.5016966e-07   3.2089898e-05  -1.5137859e-03   3.1719093e-02   4.0293072e-02
  -2.6132638e-07   3.3426727e-05  -1.5718563e-03   3.2839406e-02   4.2827670e-02
  -2.7420376e-07   3.5043839e-05  -1.6447498e-03   3.4246094e-02   4.3674452e-02
  -2.8198011e-07   3.6047700e-05  -1.6931554e-03   3.5300852e-02   4.5645066e-02
  -2.8266586e-07   3.6345176e-05  -1.7191221e-03   3.6113098e-02   4.8323209e-02
  -3.0122670e-07   3.8555115e-05  -1.8119016e-03   3.7757696e-02   4.8328608e-02
  -3.0262575e-07   3.8870214e-05  -1.8353883e-03   3.8483338e-02   5.1303027e-02
  -3.1185502e-07   4.0040482e-05  -1.8908470e-03   3.9671704e-02   5.2579083e-02
  -3.2246707e-07   4.1432049e-05  -1.9569835e-03   4.1033086e-02   5.2950779e-02
  -3.3412636e-07   4.2883853e-05  -2.0225900e-03   4.2327373e-02   5.4455046e-02
  -3.4462130e-07   4.4143055e-05  -2.0785879e-03   4.3465438e-02   5.6061513e-02
  -3.4805625e-07   4.4722511e-05  -2.1125170e-03   4.4303724e-02   5.9340310e-02
  -3.6672586e-07   4.6901478e-05  -2.2019871e-03   4.5853603e-02   6.0090428e-02
  -3.7551900e-07   4.8094981e-05  -2.2614314e-03   4.7156197e-02   6.0424551e-02
  -3.8880725e-07   4.9632940e-05  -2.3275197e-03   4.8443276e-02   6.1337812e-02
  -3.8344883e-07   4.9282782e-05  -2.3295285e-03   4.8931073e-02   6.4677538e-02
  -3.9078707e-07   5.0270962e-05  -2.3789068e-03   5.0008583e-02   6.6979330e-02
  -4.0787024e-07   5.2322128e-05  -2.4668645e-03   5.1633684e-02   6.6689336e-02
  -4.1464800e-07   5.3244859e-05  -2.5131926e-03   5.2653646e-02   6.9276235e-02
  -4.2362284e-07   5.4311746e-05  -2.5594739e-03   5.3571201e-02   7.2490239e-02
  -4.3563464e-07   5.5838554e-05  -2.6309981e-03   5.5065314e-02   7.1673604e-02
  -4.4706689e-07   5.7249858e-05  -2.6933871e-03   5.6230871e-02   7.4562230e-02
  -4.4891544e-07   5.7534989e-05  -2.7131451e-03   5.6900983e-02   7.7082213e-02
  -4.6363928e-07   5.9575345e-05  -2.8124973e-03   5.8874844e-02   7.5047926e-02
