  -9.4953000e-10   2.2592503e-07  -1.8589152e-05   5.6643238e-04   5.1601327e-03
  -1.8913158e-09   4.4970289e-07  -3.6969780e-05   1.1243207e-03   1.0475158e-02
  -2.7743158e-09   6.6107350e-07  -5.4473152e-05   1.6580844e-03   1.5973586e-02
  -3.7982147e-09   9.0131188e-07  -7.3954070e-05   2.2446742e-03   2.0980434e-02
  -4.7550328e-09   1.1284764e-06  -9.2566868e-05   2.8080035e-03   2.6248976e-02
  -5.6647335e-09   1.3471661e-06  -1.1073423e-04   3.3639491e-03   3.1573365e-02
  -6.6026810e-09   1.5672538e-06  -1.2858305e-04   3.8991490e-03   3.7072519e-02
  -7.5321958e-09   1.7899056e-06  -1.4700079e-04   4.4614354e-03   4.2304874e-02
  -8.5101257e-09   2.0201923e-06  -1.6582660e-04   5.0347948e-03   4.7417099e-02
  -9.5643811e-09   2.2669739e-06  -1.8565042e-04   5.6195455e-03   5.2626641e-02
  -1.0600721e-08   2.5119235e-06  -2.0569970e-04   6.2319461e-03   5.7336220e-02
  -1.1286033e-08   2.6834291e-06  -2.2055958e-04   6.7006803e-03   6.3341454e-02
  -1.2397516e-08   2.9404465e-06  -2.4106308e-04   7.3068996e-03   6.8363391e-02
  -1.3171822e-08   3.1289956e-06  -2.5690716e-04   7.7948988e-03   7.4152472e-02
  -1.4267376e-08   3.3916136e-06  -2.7859140e-04   8.4581222e-03   7.8509678e-02
  -1.5124877e-08   3.5917150e-06  -2.9477297e-04   8.9383024e-03   8.4671446e-02
  -1.6137256e-08   3.8360066e-06  -3.1502722e-04   9.5592703e-03   8.9254022e-02
  -1.6912150e-08   4.0249845e-06  -3.3115153e-04   1.0073110e-02   9.4574190e-02
  -1.7913620e-08   4.2564544e-06  -3.4972672e-04   1.0628551e-02   9.9891781e-02
  -1.9125190e-08   4.5357066e-06  -3.7175368e-04   1.1267529e-02   1.0484367e-01
  -1.9970918e-08   4.7374422e-06  -3.8846949e-04   1.1779633e-02   1.1045873e-01
  -2.0739344e-08   4.9231083e-06  -4.0379803e-04   1.2234363e-02   1.1681730e-01
  -2.2016483e-08   5.2239938e-06  -4.2839352e-04   1.2994864e-02   1.2000862e-01
  -2.2907183e-08   5.4351401e-06  -4.4566394e-04   1.3511440e-02   1.2586399e-01
  -2.3723077e-08   5.6345877e-06  -4.6243297e-04   1.4025311e-02   1.3162693e-01
  -2.4417967e-08   5.7970713e-06  -4.7579395e-04   1.4431441e-02   1.3813648e-01
  -2.5501149e-08   6.0627055e-06  -4.9818325e-04   1.5133156e-02   1.4192884e-01
  -2.6714368e-08   6.3382768e-06  -5.1966127e-04   1.5749176e-02   1.4709125e-01
  -2.7465718e-08   6.5209804e-06  -5.3506748e-04   1.6222780e-02   1.5328448e-01
  -2.8670179e-08   6.8040436e-06  -5.5800176e-04   1.6919858e-02   1.5721229e-01
  -2.9513340e-08   7.0079027e-06  -5.7501411e-04   1.7438745e-02   1.6274194e-01
  -3.0236070e-08   7.1780055e-06  -5.8890981e-04   1.7849708e-02   1.6952588e-01
  -3.1452189e-08   7.4585458e-06  -6.1129927e-04   1.8525096e-02   1.7352590e-01
  -3.2251711e-08   7.6654231e-06  -6.2944594e-04   1.9097371e-02   1.7875185e-01
  -3.3087202e-08   7.8620262e-06  -6.4560848e-04   1.9594682e-02   1.8434752e-01
  -3.4570689e-08   8.1994402e-06  -6.7208005e-04   2.0376358e-02   1.8773342e-01
  -3.5204824e-08   8.3608362e-06  -6.8620677e-04   2.0823121e-02   1.9387331e-01
  -3.6031407e-08   8.5549637e-06  -7.0194368e-04   2.1282909e-02   2.0052166e-01
  -3.7345174e-08   8.8583621e-06  -7.2599660e-04   2.1990820e-02   2.0472196e-01
  -3.7708549e-08   8.9680846e-06  -7.3720312e-04   2.2394048e-02   2.1087003e-01
  -3.8645990e-08   9.1853668e-06  -7.5461328e-04   2.2915315e-02   2.1618885e-01
  -3.9700135e-08   9.4293373e-06  -7.7394790e-04   2.3473840e-02   2.2187839e-01
  -4.0382341e-08   9.6032004e-06  -7.8922980e-04   2.3960695e-02   2.2764711e-01
  -4.2056654e-08   9.9776796e-06  -8.1820815e-04   2.4817142e-02   2.3011863e-01
  -4.2632502e-08   1.0121799e-05  -8.3026718e-04   2.5157502e-02   2.3801370e-01
  -4.3992400e-08   1.0435631e-05  -8.5528231e-04   2.5902397e-02   2.4193042e-01
  -4.4411464e-08   1.0541163e-05  -8.6476090e-04   2.6217233e-02   2.4873671e-01
  -4.5336868e-08   1.0763907e-05  -8.8338226e-04   2.6802396e-02   2.5321904e-01
  -4.6633308e-08   1.1075878e-05  -9.0924282e-04   2.7602073e-02   2.5640810e-01
  -4.7725670e-08   1.1334257e-05  -9.3027657e-04   2.8235156e-02   2.6123414e-01
  -4.8581427e-08   1.1534820e-05  -9.4667234e-04   2.8731204e-02   2.6712316e-01
  -4.9293362e-08   1.1704865e-05  -9.6055030e-04   2.9128541e-02   2.7438475e-01
  -5.0209147e-08   1.1920788e-05  -9.7830827e-04   2.9684745e-02   2.7887504e-01
  -5.1409894e-08   1.2200643e-05  -1.0005993e-03   3.0329780e-02   2.8423961e-01
  -5.2169367e-08   1.2390651e-05  -1.0170647e-03   3.0864323e-02   2.8902989e-01
  -5.3291075e-08   1.2652631e-05  -1.0382879e-03   3.1504403e-02   2.9359496e-01
  -5.4066304e-08   1.2842784e-05  -1.0541395e-03   3.1980141e-02   2.9975558e-01
  -5.5520784e-08   1.3177609e-05  -1.0808953e-03   3.2786400e-02   3.0296723e-01
  -5.6081040e-08   1.3313802e-05  -1.0922459e-03   3.3118092e-02   3.1046038e-01
  -5.6764927e-08   1.3482082e-05  -1.1064854e-03   3.3552906e-02   3.1700613e-01
  -5.7504690e-08   1.3656532e-05  -1.1210777e-03   3.4013070e-02   3.2267099e-01
  -5.9321377e-08   1.4090623e-05  -1.1566092e-03   3.5113814e-02   3.2271185e-01
  -6.0088847e-08   1.4259378e-05  -1.1694536e-03   3.5460894e-02   3.3054665e-01
  -6.1152769e-08   1.4511435e-05  -1.1901335e-03   3.6098741e-02   3.3470375e-01
  -6.1413380e-08   1.4590279e-05  -1.1978848e-03   3.6345285e-02   3.4299006e-01
  -6.3123524e-08   1.4978876e-05  -1.2283693e-03   3.7249463e-02   3.4522720e-01
  -6.4173228e-08   1.5222691e-05  -1.2479036e-03   3.7832295e-02   3.5019782e-01
  -6.4589251e-08   1.5350871e-05  -1.2607731e-03   3.8272846e-02   3.5668722e-01
  -6.5601652e-08   1.5567668e-05  -1.2768979e-03   3.8722755e-02   3.6298323e-01
  -6.6610572e-08   1.5812161e-05  -1.2970721e-03   3.9321557e-02   3.6833891e-01
  -6.7122541e-08   1.5947345e-05  -1.3094570e-03   3.9745285e-02   3.7383156e-01
  -6.8824952e-08   1.6324380e-05  -1.3379615e-03   4.0539281e-02   3.7795832e-01
  -6.8979998e-08   1.6396067e-05  -1.3468372e-03   4.0886979e-02   3.8433164e-01
  -7.0354851e-08   1.6696050e-05  -1.3693734e-03   4.1518789e-02   3.8940645e-01
  -7.1159420e-08   1.6902736e-05  -1.3873660e-03   4.2089103e-02   3.9438541e-01
  -7.2877668e-08   1.7285913e-05  -1.4167699e-03   4.2935876e-02   3.9752002e-01
  -7.2797249e-08   1.7310645e-05  -1.4226825e-03   4.3216663e-02   4.0451897e-01
  -7.4096801e-08   1.7584391e-05  -1.4423776e-03   4.3743859e-02   4.1036133e-01
  -7.5295487e-08   1.7860544e-05  -1.4640222e-03   4.4352995e-02   4.1613860e-01
  -7.5717161e-08   1.7982915e-05  -1.4759690e-03   4.4770235e-02   4.2200494e-01
  -7.7157778e-08   1.8313552e-05  -1.5022616e-03   4.5560076e-02   4.2512494e-01
  -7.8582556e-08   1.8642207e-05  -1.5283473e-03   4.6336822e-02   4.2844172e-01
  -7.9057979e-08   1.8762728e-05  -1.5389991e-03   4.6672046e-02   4.3581095e-01
  -7.9445494e-08   1.8854382e-05  -1.5463525e-03   4.6858986e-02   4.4515304e-01
  -7.9689280e-08   1.8945570e-05  -1.5568511e-03   4.7272227e-02   4.5040589e-01
  -8.1845393e-08   1.9422784e-05  -1.5929815e-03   4.8298365e-02   4.5220749e-01
  -8.3148555e-08   1.9724078e-05  -1.6167484e-03   4.8986232e-02   4.5677323e-01
  -8.3064368e-08   1.9749791e-05  -1.6230104e-03   4.9300393e-02   4.6288671e-01
  -8.4854997e-08   2.0140931e-05  -1.6522145e-03   5.0112053e-02   4.6665226e-01
  -8.5450128e-08   2.0287027e-05  -1.6647790e-03   5.0517353e-02   4.7241211e-01
  -8.6393400e-08   2.0507883e-05  -1.6825581e-03   5.1031021e-02   4.7902238e-01
  -8.6189773e-08   2.0496853e-05  -1.6849546e-03   5.1193721e-02   4.8639901e-01
  -8.7538385e-08   2.0810189e-05  -1.7097238e-03   5.1900377e-02   4.9162515e-01
  -8.9087854e-08   2.1150253e-05  -1.7355872e-03   5.2652224e-02   4.9498999e-01
  -9.0285657e-08   2.1432555e-05  -1.7587506e-03   5.3383902e-02   4.9763852e-01
  -9.0912632e-08   2.1593115e-05  -1.7728046e-03   5.3813288e-02   5.0474290e-01
  -9.1105231e-08   2.1662759e-05  -1.7804236e-03   5.4080100e-02   5.1255129e-01
  -9.3030615e-08   2.2096266e-05  -1.8133845e-03   5.4993030e-02   5.1603527e-01
  -9.4572496e-08   2.2438687e-05  -1.8397490e-03   5.5765771e-02   5.1913136e-01
  -9.5571403e-08   2.2674590e-05  -1.8590786e-03   5.6355262e-02   5.2426485e-01
