  -8.2663503e-10   2.0295092e-07  -1.7736918e-05   6.0329533e-04   3.4555231e-03
  -1.8477254e-09   4.5345915e-07  -3.9168399e-05   1.2993606e-03   6.4499411e-03
  -2.6620952e-09   6.5589403e-07  -5.7047756e-05   1.9156301e-03   9.5849539e-03
  -3.8400045e-09   9.2609144e-07  -7.8720619e-05   2.5896735e-03   1.2789939e-02
  -4.5136700e-09   1.1032685e-06  -9.5351693e-05   3.1897626e-03   1.6112276e-02
  -5.4782127e-09   1.3414235e-06  -1.1611936e-04   3.8955118e-03   1.8182017e-02
  -6.3327499e-09   1.5463213e-06  -1.3354985e-04   4.4676259e-03   2.2343890e-02
  -7.1457867e-09   1.7488353e-06  -1.5138473e-04   5.0747303e-03   2.5807572e-02
  -8.3126452e-09   2.0272330e-06  -1.7443786e-04   5.7999166e-03   2.8537358e-02
  -9.3891515e-09   2.2837974e-06  -1.9586383e-04   6.4919029e-03   3.1484249e-02
  -1.0301782e-08   2.4916855e-06  -2.1312004e-04   7.0847248e-03   3.4129901e-02
  -1.0790670e-08   2.6374228e-06  -2.2756312e-04   7.5760068e-03   4.0007408e-02
  -1.1445132e-08   2.7949794e-06  -2.4162506e-04   8.0908638e-03   4.3376083e-02
  -1.2740864e-08   3.0990905e-06  -2.6650922e-04   8.8760415e-03   4.5695917e-02
  -1.3841630e-08   3.3638297e-06  -2.8864997e-04   9.5825377e-03   4.8455919e-02
  -1.4342378e-08   3.5076725e-06  -3.0318400e-04   1.0143846e-02   5.1602008e-02
  -1.5719706e-08   3.8127479e-06  -3.2670271e-04   1.0835912e-02   5.5405345e-02
  -1.6372334e-08   3.9767962e-06  -3.4147022e-04   1.1358913e-02   5.8843534e-02
  -1.7531750e-08   4.2706570e-06  -3.6714742e-04   1.2193181e-02   6.1211274e-02
  -1.8538729e-08   4.5152246e-06  -3.8805345e-04   1.2893750e-02   6.3747049e-02
  -1.9511477e-08   4.7415265e-06  -4.0669114e-04   1.3497898e-02   6.7059601e-02
  -2.0209656e-08   4.9218861e-06  -4.2335485e-04   1.4083591e-02   7.0887854e-02
  -2.0967847e-08   5.1027094e-06  -4.3886727e-04   1.4606859e-02   7.4827843e-02
  -2.1391219e-08   5.2356976e-06  -4.5304214e-04   1.5162075e-02   7.8358311e-02
  -2.2567170e-08   5.5088370e-06  -4.7536464e-04   1.5877088e-02   8.0884677e-02
  -2.4248936e-08   5.8992119e-06  -5.0683965e-04   1.6841824e-02   8.2350891e-02
  -2.5054572e-08   6.1082956e-06  -5.2518182e-04   1.7444849e-02   8.5641226e-02
  -2.5272427e-08   6.1745668e-06  -5.3304001e-04   1.7812215e-02   8.9760551e-02
  -2.7463396e-08   6.6590813e-06  -5.6990971e-04   1.8882980e-02   9.0447396e-02
  -2.7897314e-08   6.7951144e-06  -5.8411612e-04   1.9412698e-02   9.5076594e-02
  -2.8317026e-08   6.9065785e-06  -5.9500853e-04   1.9833218e-02   9.9175400e-02
  -2.9044352e-08   7.1050869e-06  -6.1421483e-04   2.0542753e-02   1.0102227e-01
  -2.9883512e-08   7.2892433e-06  -6.2840765e-04   2.0972642e-02   1.0655772e-01
  -3.1581123e-08   7.6892347e-06  -6.6066458e-04   2.1951430e-02   1.0767137e-01
  -3.2054472e-08   7.8114867e-06  -6.7270149e-04   2.2427078e-02   1.1177163e-01
  -3.2679977e-08   7.9942422e-06  -6.9082304e-04   2.3084865e-02   1.1456154e-01
  -3.3917533e-08   8.2738315e-06  -7.1248981e-04   2.3731808e-02   1.1780025e-01
  -3.4997466e-08   8.5059507e-06  -7.3012886e-04   2.4256506e-02   1.2305607e-01
  -3.5919604e-08   8.7502018e-06  -7.5263050e-04   2.5052907e-02   1.2379253e-01
  -3.6891274e-08   8.9790874e-06  -7.7167542e-04   2.5639962e-02   1.2905739e-01
  -3.7174324e-08   9.0808489e-06  -7.8369514e-04   2.6176804e-02   1.3100786e-01
  -3.8176750e-08   9.3178904e-06  -8.0331514e-04   2.6780270e-02   1.3584066e-01
  -3.8476744e-08   9.3943697e-06  -8.1089224e-04   2.7079650e-02   1.4210828e-01
  -4.0650192e-08   9.8750646e-06  -8.4732415e-04   2.8135450e-02   1.4231635e-01
  -4.0179485e-08   9.8173061e-06  -8.4839222e-04   2.8384235e-02   1.4700888e-01
  -4.1817004e-08   1.0192671e-05  -8.7730703e-04   2.9181776e-02   1.5109828e-01
  -4.3030895e-08   1.0488585e-05  -9.0279499e-04   3.0039536e-02   1.5247184e-01
  -4.3487288e-08   1.0641829e-05  -9.1983039e-04   3.0749700e-02   1.5227933e-01
  -4.5014720e-08   1.0945555e-05  -9.4035561e-04   3.1254602e-02   1.5947460e-01
  -4.5436603e-08   1.1084390e-05  -9.5529163e-04   3.1843176e-02   1.6180266e-01
  -4.5112156e-08   1.1053759e-05  -9.5772952e-04   3.2107765e-02   1.6645023e-01
  -4.7736744e-08   1.1644377e-05  -1.0034319e-03   3.3465143e-02   1.6490053e-01
  -4.8421367e-08   1.1777698e-05  -1.0114276e-03   3.3564565e-02   1.7585590e-01
  -4.9064332e-08   1.1973343e-05  -1.0317168e-03   3.4376756e-02   1.7486045e-01
  -5.0505557e-08   1.2296703e-05  -1.0580501e-03   3.5264109e-02   1.7464464e-01
  -5.1302338e-08   1.2497274e-05  -1.0750963e-03   3.5775088e-02   1.8072195e-01
  -5.2658463e-08   1.2839545e-05  -1.1055858e-03   3.6820644e-02   1.7977219e-01
  -5.2838735e-08   1.2881874e-05  -1.1087471e-03   3.6877573e-02   1.8967746e-01
  -5.4895273e-08   1.3350907e-05  -1.1464252e-03   3.8089297e-02   1.8733184e-01
  -5.4168772e-08   1.3223610e-05  -1.1407989e-03   3.8071122e-02   1.9467573e-01
  -5.5463138e-08   1.3528515e-05  -1.1654398e-03   3.8813341e-02   1.9866476e-01
  -5.7350848e-08   1.3956511e-05  -1.1986311e-03   3.9785018e-02   2.0046392e-01
  -5.7375305e-08   1.4011162e-05  -1.2088438e-03   4.0344731e-02   2.0117436e-01
  -5.6564024e-08   1.3866852e-05  -1.2026229e-03   4.0397066e-02   2.0589516e-01
  -5.8299121e-08   1.4238363e-05  -1.2294400e-03   4.1081895e-02   2.1239634e-01
  -6.0121861e-08   1.4666208e-05  -1.2646230e-03   4.2238023e-02   2.0898859e-01
  -6.1448458e-08   1.4965358e-05  -1.2876985e-03   4.2893534e-02   2.1432425e-01
  -6.0990526e-08   1.4894782e-05  -1.2846518e-03   4.2831116e-02   2.2421989e-01
  -6.1568284e-08   1.5028955e-05  -1.2970016e-03   4.3325303e-02   2.2710291e-01
  -6.3672946e-08   1.5501993e-05  -1.3332473e-03   4.4355151e-02   2.2973439e-01
  -6.5399331e-08   1.5916408e-05  -1.3674884e-03   4.5433840e-02   2.2931161e-01
  -6.4319434e-08   1.5718642e-05  -1.3579663e-03   4.5398446e-02   2.3577505e-01
  -6.7546527e-08   1.6427007e-05  -1.4103230e-03   4.6834459e-02   2.3421836e-01
  -6.7503332e-08   1.6475459e-05  -1.4197359e-03   4.7303038e-02   2.3747620e-01
  -6.9501508e-08   1.6927649e-05  -1.4551993e-03   4.8366101e-02   2.3848966e-01
  -7.0771736e-08   1.7218294e-05  -1.4791914e-03   4.9177915e-02   2.3934814e-01
  -7.1100029e-08   1.7321146e-05  -1.4900938e-03   4.9593930e-02   2.4476238e-01
  -7.1274158e-08   1.7369180e-05  -1.4944152e-03   4.9698228e-02   2.5467541e-01
  -7.2035449e-08   1.7591210e-05  -1.5165441e-03   5.0548454e-02   2.5327799e-01
  -7.2428427e-08   1.7673734e-05  -1.5240257e-03   5.0855497e-02   2.5826202e-01
  -7.3925818e-08   1.8014947e-05  -1.5506918e-03   5.1667119e-02   2.5944831e-01
  -7.3569532e-08   1.7944444e-05  -1.5469260e-03   5.1614119e-02   2.6933760e-01
  -7.5243375e-08   1.8358369e-05  -1.5826348e-03   5.2775248e-02   2.6970145e-01
  -7.5451272e-08   1.8398293e-05  -1.5851996e-03   5.2832831e-02   2.7792609e-01
  -7.8527630e-08   1.9148699e-05  -1.6482301e-03   5.4858044e-02   2.6918291e-01
  -7.8947756e-08   1.9201063e-05  -1.6504898e-03   5.4962269e-02   2.7494099e-01
  -7.9951898e-08   1.9459069e-05  -1.6729301e-03   5.5638862e-02   2.8048367e-01
  -8.0185892e-08   1.9525611e-05  -1.6800836e-03   5.5948938e-02   2.8559651e-01
  -8.0666278e-08   1.9683385e-05  -1.6967587e-03   5.6562264e-02   2.8946218e-01
  -8.1243545e-08   1.9743278e-05  -1.6958913e-03   5.6369045e-02   3.0206962e-01
  -8.1964919e-08   1.9977156e-05  -1.7218798e-03   5.7483112e-02   2.9681081e-01
  -8.2081819e-08   2.0078079e-05  -1.7360806e-03   5.8109917e-02   2.9813827e-01
  -8.4513325e-08   2.0641999e-05  -1.7799495e-03   5.9325488e-02   3.0034771e-01
  -8.6225609e-08   2.1024830e-05  -1.8111097e-03   6.0384154e-02   2.9803161e-01
  -8.6520906e-08   2.1099700e-05  -1.8183464e-03   6.0644760e-02   3.0549932e-01
  -8.7305559e-08   2.1314965e-05  -1.8391821e-03   6.1423906e-02   3.0572903e-01
  -8.9903842e-08   2.1882168e-05  -1.8807469e-03   6.2532919e-02   3.0824185e-01
  -8.8617009e-08   2.1612086e-05  -1.8639327e-03   6.2236524e-02   3.1790203e-01
  -9.1718866e-08   2.2370684e-05  -1.9265781e-03   6.4203873e-02   3.0819043e-01
  -9.3150541e-08   2.2645548e-05  -1.9425226e-03   6.4395599e-02   3.2166487e-01
